10 10
233 15 251 240 236 227 28 87 72 48 69 181 129 126 49 103 137 122 46 185 26 205 221 90 17 241 171 162 22 80 
4 48 26 243 157 173 116 139 4 216 16 174 13 249 192 124 118 17 210 51 247 30 151 159 207 224 237 197 224 153 
97 54 62 248 72 201 146 192 231 151 89 111 175 77 117 217 103 75 251 100 234 3 237 93 132 17 253 87 153 98 
200 53 131 134 172 124 184 94 144 57 56 205 229 75 180 97 86 237 44 26 82 28 150 253 224 72 156 51 189 19 
65 64 120 125 205 246 125 224 201 11 193 248 47 49 170 81 222 87 244 244 101 27 142 205 154 242 207 3 18 19 
249 216 104 67 51 127 3 188 251 241 194 32 204 244 212 127 144 172 184 74 125 62 194 124 221 86 238 170 160 96 
120 43 227 134 131 43 182 88 117 203 50 31 152 221 22 79 113 135 237 205 235 26 106 175 242 221 202 195 44 165 
23 159 73 53 92 241 176 189 25 181 125 13 201 81 32 166 26 51 225 77 124 218 106 5 248 235 253 110 168 225 
3 25 146 94 42 204 161 117 112 137 52 4 219 73 20 255 137 166 4 175 35 154 120 134 193 173 243 213 18 55 
0 113 92 137 153 47 196 42 161 57 39 106 255 202 13 180 160 11 165 36 129 228 176 67 135 67 39 64 16
